mtllib reactor_arrows.mtl

v  -8.660254 26.000000 -5.000000
v  -8.660254 26.000000 -5.000000
v  -8.660254 26.000000 -5.000000
v  -10.392305 26.000000 -6.000000
v  -10.392305 26.000000 -6.000000
v  -10.392305 26.000000 -6.000000
v  -9.927493 26.000000 -6.741059
v  -9.927493 26.000000 -6.741059
v  -9.412988 26.000000 -7.442826
v  -9.412988 26.000000 -7.442826
v  -8.847235 26.000000 -8.106998
v  -8.847235 26.000000 -8.106998
v  -8.234900 26.000000 -8.728484
v  -8.234900 26.000000 -8.728484
v  -7.580645 26.000000 -9.302194
v  -7.580645 26.000000 -9.302194
v  -6.882917 26.000000 -9.829825
v  -6.882917 26.000000 -9.829825
v  -6.882917 26.000000 -9.829825
v  -7.456494 26.000000 -10.648977
v  -7.456494 26.000000 -10.648977
v  -7.456494 26.000000 -10.648977
v  -4.222520 26.000000 -10.157279
v  -4.222520 26.000000 -10.157279
v  -4.222520 26.000000 -10.157279
v  -5.162188 26.000000 -7.372368
v  -5.162188 26.000000 -7.372368
v  -5.162188 26.000000 -7.372368
v  -5.735764 26.000000 -8.191520
v  -5.735764 26.000000 -8.191520
v  -5.735764 26.000000 -8.191520
v  -6.429145 26.000000 -7.659282
v  -6.429145 26.000000 -7.659282
v  -7.070689 26.000000 -7.071386
v  -7.070689 26.000000 -7.071386
v  -7.660728 26.000000 -6.427471
v  -7.660728 26.000000 -6.427471
v  -8.190473 26.000000 -5.737130
v  -8.190473 26.000000 -5.737130
v  -5.735764 25.000000 -8.191520
v  -5.735764 25.000000 -8.191520
v  -5.735764 25.000000 -8.191520
v  -6.429145 25.000000 -7.659282
v  -6.429145 25.000000 -7.659282
v  -7.070689 25.000000 -7.071386
v  -7.070689 25.000000 -7.071386
v  -7.660728 25.000000 -6.427471
v  -7.660728 25.000000 -6.427471
v  -8.190473 25.000000 -5.737130
v  -8.190473 25.000000 -5.737130
v  -8.660254 25.000000 -5.000000
v  -8.660254 25.000000 -5.000000
v  -8.660254 25.000000 -5.000000
v  -5.162188 25.000000 -7.372368
v  -5.162188 25.000000 -7.372368
v  -5.162188 25.000000 -7.372368
v  -4.222520 25.000000 -10.157279
v  -4.222520 25.000000 -10.157279
v  -4.222520 25.000000 -10.157279
v  -7.456494 25.000000 -10.648977
v  -7.456494 25.000000 -10.648977
v  -7.456494 25.000000 -10.648977
v  -6.882917 25.000000 -9.829825
v  -6.882917 25.000000 -9.829825
v  -6.882917 25.000000 -9.829825
v  -10.392305 25.000000 -6.000000
v  -10.392305 25.000000 -6.000000
v  -10.392305 25.000000 -6.000000
v  -9.927493 25.000000 -6.741059
v  -9.927493 25.000000 -6.741059
v  -9.412988 25.000000 -7.442826
v  -9.412988 25.000000 -7.442826
v  -8.847235 25.000000 -8.106998
v  -8.847235 25.000000 -8.106998
v  -8.234900 25.000000 -8.728484
v  -8.234900 25.000000 -8.728484
v  -7.580645 25.000000 -9.302194
v  -7.580645 25.000000 -9.302194
v  -5.000000 26.000000 8.660254
v  -5.000000 26.000000 8.660254
v  -5.000000 26.000000 8.660254
v  -6.000000 26.000000 10.392305
v  -6.000000 26.000000 10.392305
v  -6.000000 26.000000 10.392305
v  -6.741059 26.000000 9.927493
v  -6.741059 26.000000 9.927493
v  -7.442826 26.000000 9.412988
v  -7.442826 26.000000 9.412988
v  -8.106998 26.000000 8.847235
v  -8.106998 26.000000 8.847235
v  -8.728484 26.000000 8.234900
v  -8.728484 26.000000 8.234900
v  -9.302194 26.000000 7.580645
v  -9.302194 26.000000 7.580645
v  -9.829825 26.000000 6.882917
v  -9.829825 26.000000 6.882917
v  -9.829825 26.000000 6.882917
v  -10.648977 26.000000 7.456494
v  -10.648977 26.000000 7.456494
v  -10.648977 26.000000 7.456494
v  -10.157279 26.000000 4.222520
v  -10.157279 26.000000 4.222520
v  -10.157279 26.000000 4.222520
v  -7.372368 26.000000 5.162188
v  -7.372368 26.000000 5.162188
v  -7.372368 26.000000 5.162188
v  -8.191520 26.000000 5.735764
v  -8.191520 26.000000 5.735764
v  -8.191520 26.000000 5.735764
v  -7.659282 26.000000 6.429145
v  -7.659282 26.000000 6.429145
v  -7.071386 26.000000 7.070689
v  -7.071386 26.000000 7.070689
v  -6.427471 26.000000 7.660728
v  -6.427471 26.000000 7.660728
v  -5.737130 26.000000 8.190473
v  -5.737130 26.000000 8.190473
v  -8.191520 25.000000 5.735764
v  -8.191520 25.000000 5.735764
v  -8.191520 25.000000 5.735764
v  -7.659282 25.000000 6.429145
v  -7.659282 25.000000 6.429145
v  -7.071386 25.000000 7.070689
v  -7.071386 25.000000 7.070689
v  -6.427471 25.000000 7.660728
v  -6.427471 25.000000 7.660728
v  -5.737130 25.000000 8.190473
v  -5.737130 25.000000 8.190473
v  -5.000000 25.000000 8.660254
v  -5.000000 25.000000 8.660254
v  -5.000000 25.000000 8.660254
v  -7.372368 25.000000 5.162188
v  -7.372368 25.000000 5.162188
v  -7.372368 25.000000 5.162188
v  -10.157279 25.000000 4.222520
v  -10.157279 25.000000 4.222520
v  -10.157279 25.000000 4.222520
v  -10.648977 25.000000 7.456494
v  -10.648977 25.000000 7.456494
v  -10.648977 25.000000 7.456494
v  -9.829825 25.000000 6.882917
v  -9.829825 25.000000 6.882917
v  -9.829825 25.000000 6.882917
v  -6.000000 25.000000 10.392305
v  -6.000000 25.000000 10.392305
v  -6.000000 25.000000 10.392305
v  -6.741059 25.000000 9.927493
v  -6.741059 25.000000 9.927493
v  -7.442826 25.000000 9.412988
v  -7.442826 25.000000 9.412988
v  -8.106998 25.000000 8.847235
v  -8.106998 25.000000 8.847235
v  -8.728484 25.000000 8.234900
v  -8.728484 25.000000 8.234900
v  -9.302194 25.000000 7.580645
v  -9.302194 25.000000 7.580645
v  8.660254 26.000000 5.000000
v  8.660254 26.000000 5.000000
v  8.660254 26.000000 5.000000
v  10.392305 26.000000 6.000000
v  10.392305 26.000000 6.000000
v  10.392305 26.000000 6.000000
v  9.927493 26.000000 6.741059
v  9.927493 26.000000 6.741059
v  9.412988 26.000000 7.442826
v  9.412988 26.000000 7.442826
v  8.847235 26.000000 8.106998
v  8.847235 26.000000 8.106998
v  8.234900 26.000000 8.728484
v  8.234900 26.000000 8.728484
v  7.580645 26.000000 9.302194
v  7.580645 26.000000 9.302194
v  6.882917 26.000000 9.829825
v  6.882917 26.000000 9.829825
v  6.882917 26.000000 9.829825
v  7.456494 26.000000 10.648977
v  7.456494 26.000000 10.648977
v  7.456494 26.000000 10.648977
v  4.222520 26.000000 10.157279
v  4.222520 26.000000 10.157279
v  4.222520 26.000000 10.157279
v  5.162188 26.000000 7.372368
v  5.162188 26.000000 7.372368
v  5.162188 26.000000 7.372368
v  5.735764 26.000000 8.191520
v  5.735764 26.000000 8.191520
v  5.735764 26.000000 8.191520
v  6.429145 26.000000 7.659282
v  6.429145 26.000000 7.659282
v  7.070689 26.000000 7.071386
v  7.070689 26.000000 7.071386
v  7.660728 26.000000 6.427471
v  7.660728 26.000000 6.427471
v  8.190473 26.000000 5.737130
v  8.190473 26.000000 5.737130
v  5.735764 25.000000 8.191520
v  5.735764 25.000000 8.191520
v  5.735764 25.000000 8.191520
v  6.429145 25.000000 7.659282
v  6.429145 25.000000 7.659282
v  7.070689 25.000000 7.071386
v  7.070689 25.000000 7.071386
v  7.660728 25.000000 6.427471
v  7.660728 25.000000 6.427471
v  8.190473 25.000000 5.737130
v  8.190473 25.000000 5.737130
v  8.660254 25.000000 5.000000
v  8.660254 25.000000 5.000000
v  8.660254 25.000000 5.000000
v  5.162188 25.000000 7.372368
v  5.162188 25.000000 7.372368
v  5.162188 25.000000 7.372368
v  4.222520 25.000000 10.157279
v  4.222520 25.000000 10.157279
v  4.222520 25.000000 10.157279
v  7.456494 25.000000 10.648977
v  7.456494 25.000000 10.648977
v  7.456494 25.000000 10.648977
v  6.882917 25.000000 9.829825
v  6.882917 25.000000 9.829825
v  6.882917 25.000000 9.829825
v  10.392305 25.000000 6.000000
v  10.392305 25.000000 6.000000
v  10.392305 25.000000 6.000000
v  9.927493 25.000000 6.741059
v  9.927493 25.000000 6.741059
v  9.412988 25.000000 7.442826
v  9.412988 25.000000 7.442826
v  8.847235 25.000000 8.106998
v  8.847235 25.000000 8.106998
v  8.234900 25.000000 8.728484
v  8.234900 25.000000 8.728484
v  7.580645 25.000000 9.302194
v  7.580645 25.000000 9.302194
v  5.000000 26.000000 -8.660254
v  5.000000 26.000000 -8.660254
v  5.000000 26.000000 -8.660254
v  6.000000 26.000000 -10.392305
v  6.000000 26.000000 -10.392305
v  6.000000 26.000000 -10.392305
v  6.741059 26.000000 -9.927493
v  6.741059 26.000000 -9.927493
v  7.442826 26.000000 -9.412988
v  7.442826 26.000000 -9.412988
v  8.106998 26.000000 -8.847235
v  8.106998 26.000000 -8.847235
v  8.728484 26.000000 -8.234900
v  8.728484 26.000000 -8.234900
v  9.302194 26.000000 -7.580645
v  9.302194 26.000000 -7.580645
v  9.829825 26.000000 -6.882917
v  9.829825 26.000000 -6.882917
v  9.829825 26.000000 -6.882917
v  10.648977 26.000000 -7.456494
v  10.648977 26.000000 -7.456494
v  10.648977 26.000000 -7.456494
v  10.157279 26.000000 -4.222520
v  10.157279 26.000000 -4.222520
v  10.157279 26.000000 -4.222520
v  7.372368 26.000000 -5.162188
v  7.372368 26.000000 -5.162188
v  7.372368 26.000000 -5.162188
v  8.191520 26.000000 -5.735764
v  8.191520 26.000000 -5.735764
v  8.191520 26.000000 -5.735764
v  7.659282 26.000000 -6.429145
v  7.659282 26.000000 -6.429145
v  7.071386 26.000000 -7.070689
v  7.071386 26.000000 -7.070689
v  6.427471 26.000000 -7.660728
v  6.427471 26.000000 -7.660728
v  5.737130 26.000000 -8.190473
v  5.737130 26.000000 -8.190473
v  8.191520 25.000000 -5.735764
v  8.191520 25.000000 -5.735764
v  8.191520 25.000000 -5.735764
v  7.659282 25.000000 -6.429145
v  7.659282 25.000000 -6.429145
v  7.071386 25.000000 -7.070689
v  7.071386 25.000000 -7.070689
v  6.427471 25.000000 -7.660728
v  6.427471 25.000000 -7.660728
v  5.737130 25.000000 -8.190473
v  5.737130 25.000000 -8.190473
v  5.000000 25.000000 -8.660254
v  5.000000 25.000000 -8.660254
v  5.000000 25.000000 -8.660254
v  7.372368 25.000000 -5.162188
v  7.372368 25.000000 -5.162188
v  7.372368 25.000000 -5.162188
v  10.157279 25.000000 -4.222520
v  10.157279 25.000000 -4.222520
v  10.157279 25.000000 -4.222520
v  10.648977 25.000000 -7.456494
v  10.648977 25.000000 -7.456494
v  10.648977 25.000000 -7.456494
v  9.829825 25.000000 -6.882917
v  9.829825 25.000000 -6.882917
v  9.829825 25.000000 -6.882917
v  6.000000 25.000000 -10.392305
v  6.000000 25.000000 -10.392305
v  6.000000 25.000000 -10.392305
v  6.741059 25.000000 -9.927493
v  6.741059 25.000000 -9.927493
v  7.442826 25.000000 -9.412988
v  7.442826 25.000000 -9.412988
v  8.106998 25.000000 -8.847235
v  8.106998 25.000000 -8.847235
v  8.728484 25.000000 -8.234900
v  8.728484 25.000000 -8.234900
v  9.302194 25.000000 -7.580645
v  9.302194 25.000000 -7.580645

vt  0.724211 0.207079 0.000000
vt  0.724211 0.207079 0.000000
vt  0.724211 0.207079 0.000000
vt  0.782934 0.176453 0.000000
vt  0.782934 0.176453 0.000000
vt  0.782934 0.176453 0.000000
vt  0.767425 0.149908 0.000000
vt  0.767425 0.149908 0.000000
vt  0.750041 0.124613 0.000000
vt  0.750041 0.124613 0.000000
vt  0.730671 0.100512 0.000000
vt  0.730671 0.100512 0.000000
vt  0.709414 0.077806 0.000000
vt  0.709414 0.077806 0.000000
vt  0.686382 0.056696 0.000000
vt  0.686382 0.056696 0.000000
vt  0.661474 0.037148 0.000000
vt  0.661474 0.037148 0.000000
vt  0.661474 0.037148 0.000000
vt  0.681975 0.012478 0.000000
vt  0.681975 0.012478 0.000000
vt  0.681975 0.012478 0.000000
vt  0.563682 0.019504 0.000000
vt  0.563682 0.019504 0.000000
vt  0.563682 0.019504 0.000000
vt  0.598679 0.116279 0.000000
vt  0.598679 0.116279 0.000000
vt  0.598679 0.116279 0.000000
vt  0.619811 0.089076 0.000000
vt  0.619811 0.089076 0.000000
vt  0.619811 0.089076 0.000000
vt  0.645095 0.109006 0.000000
vt  0.645095 0.109006 0.000000
vt  0.668211 0.130890 0.000000
vt  0.668211 0.130890 0.000000
vt  0.689218 0.154716 0.000000
vt  0.689218 0.154716 0.000000
vt  0.707860 0.180111 0.000000
vt  0.707860 0.180111 0.000000
vt  0.628210 0.078421 0.000000
vt  0.628210 0.078421 0.000000
vt  0.628210 0.078421 0.000000
vt  0.654394 0.099105 0.000000
vt  0.654394 0.099105 0.000000
vt  0.678311 0.121805 0.000000
vt  0.678311 0.121805 0.000000
vt  0.700027 0.146509 0.000000
vt  0.700027 0.146509 0.000000
vt  0.719281 0.172829 0.000000
vt  0.719281 0.172829 0.000000
vt  0.736156 0.200767 0.000000
vt  0.736156 0.200767 0.000000
vt  0.736156 0.200767 0.000000
vt  0.606308 0.106394 0.000000
vt  0.606308 0.106394 0.000000
vt  0.606308 0.106394 0.000000
vt  0.570004 0.006508 0.000000
vt  0.570004 0.006508 0.000000
vt  0.570004 0.006508 0.000000
vt  0.692542 0.000000 0.000000
vt  0.692542 0.000000 0.000000
vt  0.692542 0.000000 0.000000
vt  0.671343 0.025197 0.000000
vt  0.671343 0.025197 0.000000
vt  0.671343 0.025197 0.000000
vt  0.796643 0.169456 0.000000
vt  0.796643 0.169456 0.000000
vt  0.796643 0.169456 0.000000
vt  0.780686 0.141997 0.000000
vt  0.780686 0.141997 0.000000
vt  0.762785 0.115820 0.000000
vt  0.762785 0.115820 0.000000
vt  0.742818 0.090867 0.000000
vt  0.742818 0.090867 0.000000
vt  0.720885 0.067346 0.000000
vt  0.720885 0.067346 0.000000
vt  0.697096 0.045468 0.000000
vt  0.697096 0.045468 0.000000
vt  0.592671 0.703671 0.000000
vt  0.592671 0.703671 0.000000
vt  0.592671 0.703671 0.000000
vt  0.629482 0.758941 0.000000
vt  0.629482 0.758941 0.000000
vt  0.629482 0.758941 0.000000
vt  0.656368 0.741580 0.000000
vt  0.656368 0.741580 0.000000
vt  0.681489 0.722490 0.000000
vt  0.681489 0.722490 0.000000
vt  0.704937 0.701645 0.000000
vt  0.704937 0.701645 0.000000
vt  0.726572 0.679241 0.000000
vt  0.726572 0.679241 0.000000
vt  0.746269 0.655468 0.000000
vt  0.746269 0.655468 0.000000
vt  0.764142 0.630285 0.000000
vt  0.764142 0.630285 0.000000
vt  0.764142 0.630285 0.000000
vt  0.791417 0.646957 0.000000
vt  0.791417 0.646957 0.000000
vt  0.791417 0.646957 0.000000
vt  0.775115 0.537679 0.000000
vt  0.775115 0.537679 0.000000
vt  0.775115 0.537679 0.000000
vt  0.678983 0.576288 0.000000
vt  0.678983 0.576288 0.000000
vt  0.678983 0.576288 0.000000
vt  0.707897 0.594932 0.000000
vt  0.707897 0.594932 0.000000
vt  0.707897 0.594932 0.000000
vt  0.689167 0.620439 0.000000
vt  0.689167 0.620439 0.000000
vt  0.668236 0.644177 0.000000
vt  0.668236 0.644177 0.000000
vt  0.645034 0.666141 0.000000
vt  0.645034 0.666141 0.000000
vt  0.619861 0.685978 0.000000
vt  0.619861 0.685978 0.000000
vt  0.719319 0.602212 0.000000
vt  0.719319 0.602212 0.000000
vt  0.719319 0.602212 0.000000
vt  0.699974 0.628648 0.000000
vt  0.699974 0.628648 0.000000
vt  0.678337 0.653261 0.000000
vt  0.678337 0.653261 0.000000
vt  0.654331 0.676044 0.000000
vt  0.654331 0.676044 0.000000
vt  0.628262 0.696631 0.000000
vt  0.628262 0.696631 0.000000
vt  0.600078 0.715001 0.000000
vt  0.600078 0.715001 0.000000
vt  0.600078 0.715001 0.000000
vt  0.689449 0.583071 0.000000
vt  0.689449 0.583071 0.000000
vt  0.689449 0.583071 0.000000
vt  0.788601 0.542767 0.000000
vt  0.788601 0.542767 0.000000
vt  0.788601 0.542767 0.000000
vt  0.805365 0.655357 0.000000
vt  0.805365 0.655357 0.000000
vt  0.805365 0.655357 0.000000
vt  0.777307 0.638373 0.000000
vt  0.777307 0.638373 0.000000
vt  0.777307 0.638373 0.000000
vt  0.638228 0.771680 0.000000
vt  0.638228 0.771680 0.000000
vt  0.638228 0.771680 0.000000
vt  0.666061 0.753666 0.000000
vt  0.666061 0.753666 0.000000
vt  0.692040 0.733869 0.000000
vt  0.692040 0.733869 0.000000
vt  0.716263 0.712263 0.000000
vt  0.716263 0.712263 0.000000
vt  0.738591 0.689052 0.000000
vt  0.738591 0.689052 0.000000
vt  0.758898 0.664437 0.000000
vt  0.758898 0.664437 0.000000
vt  0.081154 0.568014 0.000000
vt  0.081154 0.568014 0.000000
vt  0.081154 0.568014 0.000000
vt  0.022431 0.598640 0.000000
vt  0.022431 0.598640 0.000000
vt  0.022431 0.598640 0.000000
vt  0.037940 0.625185 0.000000
vt  0.037940 0.625185 0.000000
vt  0.055324 0.650480 0.000000
vt  0.055324 0.650480 0.000000
vt  0.074695 0.674581 0.000000
vt  0.074695 0.674581 0.000000
vt  0.095952 0.697287 0.000000
vt  0.095952 0.697287 0.000000
vt  0.118984 0.718397 0.000000
vt  0.118984 0.718397 0.000000
vt  0.143892 0.737945 0.000000
vt  0.143892 0.737945 0.000000
vt  0.143892 0.737945 0.000000
vt  0.123390 0.762615 0.000000
vt  0.123390 0.762615 0.000000
vt  0.123390 0.762615 0.000000
vt  0.241684 0.755589 0.000000
vt  0.241684 0.755589 0.000000
vt  0.241684 0.755589 0.000000
vt  0.206686 0.658815 0.000000
vt  0.206686 0.658815 0.000000
vt  0.206686 0.658815 0.000000
vt  0.185554 0.686017 0.000000
vt  0.185554 0.686017 0.000000
vt  0.185554 0.686017 0.000000
vt  0.160271 0.666087 0.000000
vt  0.160271 0.666087 0.000000
vt  0.137155 0.644203 0.000000
vt  0.137155 0.644203 0.000000
vt  0.116147 0.620377 0.000000
vt  0.116147 0.620377 0.000000
vt  0.097505 0.594982 0.000000
vt  0.097505 0.594982 0.000000
vt  0.177155 0.696672 0.000000
vt  0.177155 0.696672 0.000000
vt  0.177155 0.696672 0.000000
vt  0.150971 0.675988 0.000000
vt  0.150971 0.675988 0.000000
vt  0.127054 0.653288 0.000000
vt  0.127054 0.653288 0.000000
vt  0.105338 0.628584 0.000000
vt  0.105338 0.628584 0.000000
vt  0.086084 0.602264 0.000000
vt  0.086084 0.602264 0.000000
vt  0.069210 0.574326 0.000000
vt  0.069210 0.574326 0.000000
vt  0.069210 0.574326 0.000000
vt  0.199057 0.668699 0.000000
vt  0.199057 0.668699 0.000000
vt  0.199057 0.668699 0.000000
vt  0.235361 0.768585 0.000000
vt  0.235361 0.768585 0.000000
vt  0.235361 0.768585 0.000000
vt  0.112823 0.775093 0.000000
vt  0.112823 0.775093 0.000000
vt  0.112823 0.775093 0.000000
vt  0.134022 0.749896 0.000000
vt  0.134022 0.749896 0.000000
vt  0.134022 0.749896 0.000000
vt  0.008722 0.605637 0.000000
vt  0.008722 0.605637 0.000000
vt  0.008722 0.605637 0.000000
vt  0.024679 0.633096 0.000000
vt  0.024679 0.633096 0.000000
vt  0.042581 0.659273 0.000000
vt  0.042581 0.659273 0.000000
vt  0.062547 0.684226 0.000000
vt  0.062547 0.684226 0.000000
vt  0.084480 0.707747 0.000000
vt  0.084480 0.707747 0.000000
vt  0.108269 0.729626 0.000000
vt  0.108269 0.729626 0.000000
vt  0.212694 0.071422 0.000000
vt  0.212694 0.071422 0.000000
vt  0.212694 0.071422 0.000000
vt  0.175884 0.016152 0.000000
vt  0.175884 0.016152 0.000000
vt  0.175884 0.016152 0.000000
vt  0.148997 0.033513 0.000000
vt  0.148997 0.033513 0.000000
vt  0.123876 0.052603 0.000000
vt  0.123876 0.052603 0.000000
vt  0.100429 0.073448 0.000000
vt  0.100429 0.073448 0.000000
vt  0.078794 0.095852 0.000000
vt  0.078794 0.095852 0.000000
vt  0.059097 0.119625 0.000000
vt  0.059097 0.119625 0.000000
vt  0.041223 0.144808 0.000000
vt  0.041223 0.144808 0.000000
vt  0.041223 0.144808 0.000000
vt  0.013948 0.128136 0.000000
vt  0.013948 0.128136 0.000000
vt  0.013948 0.128136 0.000000
vt  0.030250 0.237414 0.000000
vt  0.030250 0.237414 0.000000
vt  0.030250 0.237414 0.000000
vt  0.126383 0.198805 0.000000
vt  0.126383 0.198805 0.000000
vt  0.126383 0.198805 0.000000
vt  0.097469 0.180161 0.000000
vt  0.097469 0.180161 0.000000
vt  0.097469 0.180161 0.000000
vt  0.116199 0.154654 0.000000
vt  0.116199 0.154654 0.000000
vt  0.137130 0.130916 0.000000
vt  0.137130 0.130916 0.000000
vt  0.160331 0.108952 0.000000
vt  0.160331 0.108952 0.000000
vt  0.185504 0.089115 0.000000
vt  0.185504 0.089115 0.000000
vt  0.086046 0.172881 0.000000
vt  0.086046 0.172881 0.000000
vt  0.086046 0.172881 0.000000
vt  0.105391 0.146445 0.000000
vt  0.105391 0.146445 0.000000
vt  0.127028 0.121832 0.000000
vt  0.127028 0.121832 0.000000
vt  0.151034 0.099049 0.000000
vt  0.151034 0.099049 0.000000
vt  0.177103 0.078462 0.000000
vt  0.177103 0.078462 0.000000
vt  0.205287 0.060092 0.000000
vt  0.205287 0.060092 0.000000
vt  0.205287 0.060092 0.000000
vt  0.115916 0.192022 0.000000
vt  0.115916 0.192022 0.000000
vt  0.115916 0.192022 0.000000
vt  0.016765 0.232327 0.000000
vt  0.016765 0.232327 0.000000
vt  0.016765 0.232327 0.000000
vt  0.000000 0.119736 0.000000
vt  0.000000 0.119736 0.000000
vt  0.000000 0.119736 0.000000
vt  0.028058 0.136720 0.000000
vt  0.028058 0.136720 0.000000
vt  0.028058 0.136720 0.000000
vt  0.167138 0.003413 0.000000
vt  0.167138 0.003413 0.000000
vt  0.167138 0.003413 0.000000
vt  0.139304 0.021427 0.000000
vt  0.139304 0.021427 0.000000
vt  0.113325 0.041224 0.000000
vt  0.113325 0.041224 0.000000
vt  0.089102 0.062830 0.000000
vt  0.089102 0.062830 0.000000
vt  0.066775 0.086041 0.000000
vt  0.066775 0.086041 0.000000
vt  0.046468 0.110656 0.000000
vt  0.046468 0.110656 0.000000

vn  0.000000 1.000000 0.000000
vn  0.866025 0.000000 0.500000
vn  -0.500000 0.000000 0.866025
vn  0.000000 1.000000 0.000000
vn  -0.866025 0.000000 -0.500000
vn  -0.500000 0.000000 0.866025
vn  0.000000 1.000000 0.000000
vn  -0.827407 0.000000 -0.561602
vn  0.000000 1.000000 0.000000
vn  -0.784416 0.000000 -0.620235
vn  0.000000 1.000000 0.000000
vn  -0.737277 0.000000 -0.675590
vn  0.000000 1.000000 0.000000
vn  -0.686242 0.000000 -0.727374
vn  0.000000 1.000000 0.000000
vn  -0.631578 0.000000 -0.775312
vn  0.000000 1.000000 0.000000
vn  -0.819152 0.000000 0.573576
vn  -0.573576 0.000000 -0.819152
vn  0.000000 1.000000 0.000000
vn  0.150314 0.000000 -0.988638
vn  -0.819152 0.000000 0.573576
vn  0.000000 1.000000 0.000000
vn  0.947517 0.000000 0.319705
vn  0.150314 0.000000 -0.988638
vn  0.000000 1.000000 0.000000
vn  -0.819152 0.000000 0.573576
vn  0.947517 0.000000 0.319705
vn  0.000000 1.000000 0.000000
vn  0.573576 0.000000 0.819152
vn  -0.819152 0.000000 0.573576
vn  0.000000 1.000000 0.000000
vn  0.642788 0.000000 0.766044
vn  0.000000 1.000000 0.000000
vn  0.707107 0.000000 0.707107
vn  0.000000 1.000000 0.000000
vn  0.766044 0.000000 0.642788
vn  0.000000 1.000000 0.000000
vn  0.819152 0.000000 0.573576
vn  0.573576 0.000000 0.819152
vn  -0.819152 0.000000 0.573576
vn  0.000000 -1.000000 0.000000
vn  0.642788 0.000000 0.766044
vn  0.000000 -1.000000 0.000000
vn  0.707107 0.000000 0.707107
vn  0.000000 -1.000000 0.000000
vn  0.766044 0.000000 0.642788
vn  0.000000 -1.000000 0.000000
vn  0.819152 0.000000 0.573576
vn  0.000000 -1.000000 0.000000
vn  0.866025 0.000000 0.500000
vn  -0.500000 0.000000 0.866025
vn  0.000000 -1.000000 0.000000
vn  -0.819152 0.000000 0.573576
vn  0.947517 0.000000 0.319705
vn  0.000000 -1.000000 0.000000
vn  0.947517 0.000000 0.319705
vn  0.150314 0.000000 -0.988638
vn  0.000000 -1.000000 0.000000
vn  0.150314 0.000000 -0.988638
vn  -0.819152 0.000000 0.573576
vn  0.000000 -1.000000 0.000000
vn  -0.819152 0.000000 0.573576
vn  -0.573576 0.000000 -0.819152
vn  0.000000 -1.000000 0.000000
vn  -0.866025 0.000000 -0.500000
vn  -0.500000 0.000000 0.866025
vn  0.000000 -1.000000 0.000000
vn  -0.827407 0.000000 -0.561602
vn  0.000000 -1.000000 0.000000
vn  -0.784416 0.000000 -0.620235
vn  0.000000 -1.000000 0.000000
vn  -0.737277 0.000000 -0.675590
vn  0.000000 -1.000000 0.000000
vn  -0.686242 0.000000 -0.727374
vn  0.000000 -1.000000 0.000000
vn  -0.631578 0.000000 -0.775312
vn  0.000000 -1.000000 0.000000
vn  0.000000 1.000000 -0.000000
vn  0.500000 -0.000000 -0.866025
vn  0.866025 -0.000000 0.500000
vn  0.000000 1.000000 -0.000000
vn  -0.500000 0.000000 0.866025
vn  0.866025 -0.000000 0.500000
vn  0.000000 1.000000 -0.000000
vn  -0.561602 0.000000 0.827407
vn  0.000000 1.000000 -0.000000
vn  -0.620235 0.000000 0.784416
vn  0.000000 1.000000 -0.000000
vn  -0.675590 0.000000 0.737277
vn  0.000000 1.000000 -0.000000
vn  -0.727374 0.000000 0.686242
vn  0.000000 1.000000 -0.000000
vn  -0.775312 0.000000 0.631578
vn  0.000000 1.000000 -0.000000
vn  0.573576 0.000000 0.819152
vn  -0.819152 0.000000 0.573576
vn  0.000000 1.000000 -0.000000
vn  -0.988638 0.000000 -0.150314
vn  0.573576 0.000000 0.819152
vn  0.000000 1.000000 -0.000000
vn  0.319705 -0.000000 -0.947517
vn  -0.988638 0.000000 -0.150314
vn  0.000000 1.000000 -0.000000
vn  0.573576 0.000000 0.819152
vn  0.319705 -0.000000 -0.947517
vn  0.000000 1.000000 -0.000000
vn  0.819152 -0.000000 -0.573576
vn  0.573576 0.000000 0.819152
vn  0.000000 1.000000 -0.000000
vn  0.766044 -0.000000 -0.642788
vn  0.000000 1.000000 -0.000000
vn  0.707107 -0.000000 -0.707107
vn  0.000000 1.000000 -0.000000
vn  0.642788 -0.000000 -0.766044
vn  0.000000 1.000000 -0.000000
vn  0.573576 -0.000000 -0.819152
vn  0.819152 -0.000000 -0.573576
vn  0.573576 0.000000 0.819152
vn  0.000000 -1.000000 0.000000
vn  0.766044 -0.000000 -0.642788
vn  0.000000 -1.000000 0.000000
vn  0.707107 -0.000000 -0.707107
vn  0.000000 -1.000000 0.000000
vn  0.642788 -0.000000 -0.766044
vn  0.000000 -1.000000 0.000000
vn  0.573576 -0.000000 -0.819152
vn  0.000000 -1.000000 0.000000
vn  0.500000 -0.000000 -0.866025
vn  0.866025 -0.000000 0.500000
vn  0.000000 -1.000000 0.000000
vn  0.573576 0.000000 0.819152
vn  0.319705 -0.000000 -0.947517
vn  0.000000 -1.000000 0.000000
vn  0.319705 -0.000000 -0.947517
vn  -0.988638 0.000000 -0.150314
vn  0.000000 -1.000000 0.000000
vn  -0.988638 0.000000 -0.150314
vn  0.573576 0.000000 0.819152
vn  0.000000 -1.000000 0.000000
vn  0.573576 0.000000 0.819152
vn  -0.819152 0.000000 0.573576
vn  0.000000 -1.000000 0.000000
vn  -0.500000 0.000000 0.866025
vn  0.866025 -0.000000 0.500000
vn  0.000000 -1.000000 0.000000
vn  -0.561602 0.000000 0.827407
vn  0.000000 -1.000000 0.000000
vn  -0.620235 0.000000 0.784416
vn  0.000000 -1.000000 0.000000
vn  -0.675590 0.000000 0.737277
vn  0.000000 -1.000000 0.000000
vn  -0.727374 0.000000 0.686242
vn  0.000000 -1.000000 0.000000
vn  -0.775312 0.000000 0.631578
vn  0.000000 -1.000000 0.000000
vn  0.000000 1.000000 -0.000000
vn  -0.866025 -0.000000 -0.500000
vn  0.500000 -0.000000 -0.866025
vn  0.000000 1.000000 -0.000000
vn  0.866025 0.000000 0.500000
vn  0.500000 -0.000000 -0.866025
vn  0.000000 1.000000 -0.000000
vn  0.827407 0.000000 0.561602
vn  0.000000 1.000000 -0.000000
vn  0.784416 0.000000 0.620235
vn  0.000000 1.000000 -0.000000
vn  0.737277 0.000000 0.675590
vn  0.000000 1.000000 -0.000000
vn  0.686242 0.000000 0.727374
vn  0.000000 1.000000 -0.000000
vn  0.631578 0.000000 0.775312
vn  0.000000 1.000000 -0.000000
vn  0.819152 -0.000000 -0.573576
vn  0.573576 0.000000 0.819152
vn  0.000000 1.000000 -0.000000
vn  -0.150314 0.000000 0.988638
vn  0.819152 -0.000000 -0.573576
vn  0.000000 1.000000 -0.000000
vn  -0.947517 -0.000000 -0.319705
vn  -0.150314 0.000000 0.988638
vn  0.000000 1.000000 -0.000000
vn  0.819152 -0.000000 -0.573576
vn  -0.947517 -0.000000 -0.319705
vn  0.000000 1.000000 -0.000000
vn  -0.573576 -0.000000 -0.819152
vn  0.819152 -0.000000 -0.573576
vn  0.000000 1.000000 -0.000000
vn  -0.642788 -0.000000 -0.766044
vn  0.000000 1.000000 -0.000000
vn  -0.707107 -0.000000 -0.707107
vn  0.000000 1.000000 -0.000000
vn  -0.766044 -0.000000 -0.642788
vn  0.000000 1.000000 -0.000000
vn  -0.819152 -0.000000 -0.573576
vn  -0.573576 -0.000000 -0.819152
vn  0.819152 -0.000000 -0.573576
vn  0.000000 -1.000000 0.000000
vn  -0.642788 -0.000000 -0.766044
vn  0.000000 -1.000000 0.000000
vn  -0.707107 -0.000000 -0.707107
vn  0.000000 -1.000000 0.000000
vn  -0.766044 -0.000000 -0.642788
vn  0.000000 -1.000000 0.000000
vn  -0.819152 -0.000000 -0.573576
vn  0.000000 -1.000000 0.000000
vn  -0.866025 -0.000000 -0.500000
vn  0.500000 -0.000000 -0.866025
vn  0.000000 -1.000000 0.000000
vn  0.819152 -0.000000 -0.573576
vn  -0.947517 -0.000000 -0.319705
vn  0.000000 -1.000000 0.000000
vn  -0.947517 -0.000000 -0.319705
vn  -0.150314 0.000000 0.988638
vn  0.000000 -1.000000 0.000000
vn  -0.150314 0.000000 0.988638
vn  0.819152 -0.000000 -0.573576
vn  0.000000 -1.000000 0.000000
vn  0.819152 -0.000000 -0.573576
vn  0.573576 0.000000 0.819152
vn  0.000000 -1.000000 0.000000
vn  0.866025 0.000000 0.500000
vn  0.500000 -0.000000 -0.866025
vn  0.000000 -1.000000 0.000000
vn  0.827407 0.000000 0.561602
vn  0.000000 -1.000000 0.000000
vn  0.784416 0.000000 0.620235
vn  0.000000 -1.000000 0.000000
vn  0.737277 0.000000 0.675590
vn  0.000000 -1.000000 0.000000
vn  0.686242 0.000000 0.727374
vn  0.000000 -1.000000 0.000000
vn  0.631578 0.000000 0.775312
vn  0.000000 -1.000000 0.000000
vn  -0.000000 1.000000 -0.000000
vn  -0.500000 0.000000 0.866025
vn  -0.866025 -0.000000 -0.500000
vn  -0.000000 1.000000 -0.000000
vn  0.500000 -0.000000 -0.866025
vn  -0.866025 -0.000000 -0.500000
vn  -0.000000 1.000000 -0.000000
vn  0.561602 -0.000000 -0.827407
vn  -0.000000 1.000000 -0.000000
vn  0.620235 -0.000000 -0.784416
vn  -0.000000 1.000000 -0.000000
vn  0.675590 -0.000000 -0.737277
vn  -0.000000 1.000000 -0.000000
vn  0.727374 0.000000 -0.686242
vn  -0.000000 1.000000 -0.000000
vn  0.775312 0.000000 -0.631578
vn  -0.000000 1.000000 -0.000000
vn  -0.573576 -0.000000 -0.819152
vn  0.819152 0.000000 -0.573576
vn  -0.000000 1.000000 -0.000000
vn  0.988638 0.000000 0.150314
vn  -0.573576 -0.000000 -0.819152
vn  -0.000000 1.000000 -0.000000
vn  -0.319705 0.000000 0.947517
vn  0.988638 0.000000 0.150314
vn  -0.000000 1.000000 -0.000000
vn  -0.573576 -0.000000 -0.819152
vn  -0.319705 0.000000 0.947517
vn  -0.000000 1.000000 -0.000000
vn  -0.819152 -0.000000 0.573576
vn  -0.573576 -0.000000 -0.819152
vn  -0.000000 1.000000 -0.000000
vn  -0.766044 -0.000000 0.642788
vn  -0.000000 1.000000 -0.000000
vn  -0.707107 0.000000 0.707107
vn  -0.000000 1.000000 -0.000000
vn  -0.642788 0.000000 0.766044
vn  -0.000000 1.000000 -0.000000
vn  -0.573576 0.000000 0.819152
vn  -0.819152 -0.000000 0.573576
vn  -0.573576 -0.000000 -0.819152
vn  0.000000 -1.000000 0.000000
vn  -0.766044 -0.000000 0.642788
vn  0.000000 -1.000000 0.000000
vn  -0.707107 0.000000 0.707107
vn  0.000000 -1.000000 0.000000
vn  -0.642788 0.000000 0.766044
vn  0.000000 -1.000000 0.000000
vn  -0.573576 0.000000 0.819152
vn  0.000000 -1.000000 0.000000
vn  -0.500000 0.000000 0.866025
vn  -0.866025 -0.000000 -0.500000
vn  0.000000 -1.000000 0.000000
vn  -0.573576 -0.000000 -0.819152
vn  -0.319705 0.000000 0.947517
vn  0.000000 -1.000000 0.000000
vn  -0.319705 0.000000 0.947517
vn  0.988638 0.000000 0.150314
vn  0.000000 -1.000000 0.000000
vn  0.988638 0.000000 0.150314
vn  -0.573576 -0.000000 -0.819152
vn  0.000000 -1.000000 0.000000
vn  -0.573576 -0.000000 -0.819152
vn  0.819152 0.000000 -0.573576
vn  0.000000 -1.000000 0.000000
vn  0.500000 -0.000000 -0.866025
vn  -0.866025 -0.000000 -0.500000
vn  0.000000 -1.000000 0.000000
vn  0.561602 -0.000000 -0.827407
vn  0.000000 -1.000000 0.000000
vn  0.620235 -0.000000 -0.784416
vn  0.000000 -1.000000 0.000000
vn  0.675590 -0.000000 -0.737277
vn  0.000000 -1.000000 0.000000
vn  0.727374 0.000000 -0.686242
vn  0.000000 -1.000000 0.000000
vn  0.775312 0.000000 -0.631578
vn  0.000000 -1.000000 0.000000


g 0
g 1
usemtl DEFAULT_MTL
f 7/7/7  4/4/4  1/1/1
f 52/52/52  3/3/3  6/6/6
f 9/9/9  7/7/7  1/1/1
f 11/11/11  9/9/9  1/1/1
f 13/13/13  11/11/11  1/1/1
f 38/38/38  13/13/13  1/1/1
f 49/49/49  39/39/39  2/2/2
f 51/51/51  49/49/49  2/2/2
f 66/66/66  5/5/5  8/8/8
f 67/67/67  52/52/52  6/6/6
f 69/69/69  8/8/8  10/10/10
f 69/69/69  66/66/66  8/8/8
f 71/71/71  10/10/10  12/12/12
f 71/71/71  69/69/69  10/10/10
f 73/73/73  12/12/12  14/14/14
f 73/73/73  71/71/71  12/12/12
f 36/36/36  15/15/15  13/13/13
f 75/75/75  14/14/14  16/16/16
f 38/38/38  36/36/36  13/13/13
f 75/75/75  73/73/73  14/14/14
f 34/34/34  17/17/17  15/15/15
f 77/77/77  16/16/16  19/19/19
f 36/36/36  34/34/34  15/15/15
f 77/77/77  75/75/75  16/16/16
f 23/23/23  20/20/20  17/17/17
f 61/61/61  18/18/18  22/22/22
f 29/29/29  23/23/23  17/17/17
f 32/32/32  29/29/29  17/17/17
f 34/34/34  32/32/32  17/17/17
f 63/63/63  18/18/18  61/61/61
f 77/77/77  19/19/19  64/64/64
f 60/60/60  21/21/21  25/25/25
f 29/29/29  26/26/26  23/23/23
f 57/57/57  24/24/24  28/28/28
f 60/60/60  25/25/25  58/58/58
f 54/54/54  27/27/27  31/31/31
f 57/57/57  28/28/28  55/55/55
f 40/40/40  30/30/30  33/33/33
f 54/54/54  31/31/31  41/41/41
f 43/43/43  33/33/33  35/35/35
f 43/43/43  40/40/40  33/33/33
f 45/45/45  35/35/35  37/37/37
f 45/45/45  43/43/43  35/35/35
f 47/47/47  37/37/37  39/39/39
f 47/47/47  45/45/45  37/37/37
f 49/49/49  47/47/47  39/39/39
f 59/59/59  42/42/42  44/44/44
f 59/59/59  56/56/56  42/42/42
f 65/65/65  44/44/44  46/46/46
f 65/65/65  59/59/59  44/44/44
f 78/78/78  46/46/46  48/48/48
f 78/78/78  65/65/65  46/46/46
f 78/78/78  48/48/48  50/50/50
f 76/76/76  50/50/50  53/53/53
f 78/78/78  50/50/50  76/76/76
f 74/74/74  53/53/53  68/68/68
f 76/76/76  53/53/53  74/74/74
f 65/65/65  62/62/62  59/59/59
f 72/72/72  68/68/68  70/70/70
f 74/74/74  68/68/68  72/72/72
f 85/85/85  82/82/82  79/79/79
f 130/130/130  81/81/81  84/84/84
f 87/87/87  85/85/85  79/79/79
f 89/89/89  87/87/87  79/79/79
f 91/91/91  89/89/89  79/79/79
f 116/116/116  91/91/91  79/79/79
f 127/127/127  117/117/117  80/80/80
f 129/129/129  127/127/127  80/80/80
f 144/144/144  83/83/83  86/86/86
f 145/145/145  130/130/130  84/84/84
f 147/147/147  86/86/86  88/88/88
f 147/147/147  144/144/144  86/86/86
f 149/149/149  88/88/88  90/90/90
f 149/149/149  147/147/147  88/88/88
f 151/151/151  90/90/90  92/92/92
f 151/151/151  149/149/149  90/90/90
f 114/114/114  93/93/93  91/91/91
f 153/153/153  92/92/92  94/94/94
f 116/116/116  114/114/114  91/91/91
f 153/153/153  151/151/151  92/92/92
f 112/112/112  95/95/95  93/93/93
f 155/155/155  94/94/94  97/97/97
f 114/114/114  112/112/112  93/93/93
f 155/155/155  153/153/153  94/94/94
f 101/101/101  98/98/98  95/95/95
f 141/141/141  96/96/96  100/100/100
f 107/107/107  101/101/101  95/95/95
f 110/110/110  107/107/107  95/95/95
f 112/112/112  110/110/110  95/95/95
f 155/155/155  97/97/97  142/142/142
f 138/138/138  99/99/99  103/103/103
f 141/141/141  100/100/100  139/139/139
f 107/107/107  104/104/104  101/101/101
f 135/135/135  102/102/102  106/106/106
f 138/138/138  103/103/103  136/136/136
f 132/132/132  105/105/105  109/109/109
f 135/135/135  106/106/106  133/133/133
f 118/118/118  108/108/108  111/111/111
f 132/132/132  109/109/109  119/119/119
f 121/121/121  111/111/111  113/113/113
f 121/121/121  118/118/118  111/111/111
f 123/123/123  113/113/113  115/115/115
f 123/123/123  121/121/121  113/113/113
f 125/125/125  115/115/115  117/117/117
f 125/125/125  123/123/123  115/115/115
f 127/127/127  125/125/125  117/117/117
f 152/152/152  120/120/120  122/122/122
f 137/137/137  134/134/134  120/120/120
f 143/143/143  137/137/137  120/120/120
f 156/156/156  143/143/143  120/120/120
f 154/154/154  120/120/120  152/152/152
f 156/156/156  120/120/120  154/154/154
f 150/150/150  122/122/122  124/124/124
f 152/152/152  122/122/122  150/150/150
f 148/148/148  124/124/124  126/126/126
f 150/150/150  124/124/124  148/148/148
f 146/146/146  126/126/126  128/128/128
f 148/148/148  126/126/126  146/146/146
f 146/146/146  128/128/128  131/131/131
f 143/143/143  140/140/140  137/137/137
f 163/163/163  160/160/160  157/157/157
f 208/208/208  159/159/159  162/162/162
f 165/165/165  163/163/163  157/157/157
f 167/167/167  165/165/165  157/157/157
f 169/169/169  167/167/167  157/157/157
f 194/194/194  169/169/169  157/157/157
f 205/205/205  195/195/195  158/158/158
f 207/207/207  205/205/205  158/158/158
f 222/222/222  161/161/161  164/164/164
f 223/223/223  208/208/208  162/162/162
f 225/225/225  164/164/164  166/166/166
f 225/225/225  222/222/222  164/164/164
f 227/227/227  166/166/166  168/168/168
f 227/227/227  225/225/225  166/166/166
f 229/229/229  168/168/168  170/170/170
f 229/229/229  227/227/227  168/168/168
f 192/192/192  171/171/171  169/169/169
f 231/231/231  170/170/170  172/172/172
f 194/194/194  192/192/192  169/169/169
f 231/231/231  229/229/229  170/170/170
f 190/190/190  173/173/173  171/171/171
f 233/233/233  172/172/172  175/175/175
f 192/192/192  190/190/190  171/171/171
f 233/233/233  231/231/231  172/172/172
f 179/179/179  176/176/176  173/173/173
f 219/219/219  174/174/174  178/178/178
f 185/185/185  179/179/179  173/173/173
f 188/188/188  185/185/185  173/173/173
f 190/190/190  188/188/188  173/173/173
f 233/233/233  175/175/175  220/220/220
f 216/216/216  177/177/177  181/181/181
f 219/219/219  178/178/178  217/217/217
f 185/185/185  182/182/182  179/179/179
f 213/213/213  180/180/180  184/184/184
f 216/216/216  181/181/181  214/214/214
f 210/210/210  183/183/183  187/187/187
f 213/213/213  184/184/184  211/211/211
f 196/196/196  186/186/186  189/189/189
f 210/210/210  187/187/187  197/197/197
f 199/199/199  189/189/189  191/191/191
f 199/199/199  196/196/196  189/189/189
f 201/201/201  191/191/191  193/193/193
f 201/201/201  199/199/199  191/191/191
f 203/203/203  193/193/193  195/195/195
f 203/203/203  201/201/201  193/193/193
f 205/205/205  203/203/203  195/195/195
f 215/215/215  198/198/198  200/200/200
f 215/215/215  212/212/212  198/198/198
f 221/221/221  200/200/200  202/202/202
f 221/221/221  215/215/215  200/200/200
f 234/234/234  202/202/202  204/204/204
f 234/234/234  221/221/221  202/202/202
f 234/234/234  204/204/204  206/206/206
f 232/232/232  206/206/206  209/209/209
f 234/234/234  206/206/206  232/232/232
f 230/230/230  209/209/209  224/224/224
f 232/232/232  209/209/209  230/230/230
f 221/221/221  218/218/218  215/215/215
f 228/228/228  224/224/224  226/226/226
f 230/230/230  224/224/224  228/228/228
f 241/241/241  238/238/238  235/235/235
f 286/286/286  237/237/237  240/240/240
f 243/243/243  241/241/241  235/235/235
f 245/245/245  243/243/243  235/235/235
f 247/247/247  245/245/245  235/235/235
f 272/272/272  247/247/247  235/235/235
f 283/283/283  273/273/273  236/236/236
f 285/285/285  283/283/283  236/236/236
f 300/300/300  239/239/239  242/242/242
f 301/301/301  286/286/286  240/240/240
f 303/303/303  242/242/242  244/244/244
f 303/303/303  300/300/300  242/242/242
f 305/305/305  244/244/244  246/246/246
f 305/305/305  303/303/303  244/244/244
f 307/307/307  246/246/246  248/248/248
f 307/307/307  305/305/305  246/246/246
f 270/270/270  249/249/249  247/247/247
f 309/309/309  248/248/248  250/250/250
f 272/272/272  270/270/270  247/247/247
f 309/309/309  307/307/307  248/248/248
f 268/268/268  251/251/251  249/249/249
f 311/311/311  250/250/250  253/253/253
f 270/270/270  268/268/268  249/249/249
f 311/311/311  309/309/309  250/250/250
f 257/257/257  254/254/254  251/251/251
f 295/295/295  252/252/252  256/256/256
f 263/263/263  257/257/257  251/251/251
f 266/266/266  263/263/263  251/251/251
f 268/268/268  266/266/266  251/251/251
f 297/297/297  252/252/252  295/295/295
f 311/311/311  253/253/253  298/298/298
f 294/294/294  255/255/255  259/259/259
f 263/263/263  260/260/260  257/257/257
f 291/291/291  258/258/258  262/262/262
f 294/294/294  259/259/259  292/292/292
f 288/288/288  261/261/261  265/265/265
f 291/291/291  262/262/262  289/289/289
f 274/274/274  264/264/264  267/267/267
f 288/288/288  265/265/265  275/275/275
f 277/277/277  267/267/267  269/269/269
f 277/277/277  274/274/274  267/267/267
f 279/279/279  269/269/269  271/271/271
f 279/279/279  277/277/277  269/269/269
f 281/281/281  271/271/271  273/273/273
f 281/281/281  279/279/279  271/271/271
f 283/283/283  281/281/281  273/273/273
f 308/308/308  276/276/276  278/278/278
f 293/293/293  290/290/290  276/276/276
f 299/299/299  293/293/293  276/276/276
f 312/312/312  299/299/299  276/276/276
f 310/310/310  276/276/276  308/308/308
f 312/312/312  276/276/276  310/310/310
f 306/306/306  278/278/278  280/280/280
f 308/308/308  278/278/278  306/306/306
f 304/304/304  280/280/280  282/282/282
f 306/306/306  280/280/280  304/304/304
f 302/302/302  282/282/282  284/284/284
f 304/304/304  282/282/282  302/302/302
f 302/302/302  284/284/284  287/287/287
f 299/299/299  296/296/296  293/293/293
